wa_id,profile_name,phone_number,opted_in,last_seen
1718550101,Natasha Petrov,+17185550101,true,2026-11-30T20:12:00Z
1718550102,Della Russell,+17185550102,true,2026-11-30T18:40:00Z
1718550103,Marina Katz,+17185550103,true,2026-11-30T21:05:00Z
1718550104,Sofia Brighton Academy,+17185550104,true,2026-11-29T22:30:00Z
1718550105,Kim Russell,+17185550100,true,2026-11-30T21:10:00Z
